 55778
 52641
 13253
 21630
 29176
 60092
 45782
 30390
 43631
 19163
 22455
 52729
 58020
 27089
  7392
 37031
 61185
 60051
 52956
 53411
 18619
 22628
 50116
 56398
 41111
 39379
 19003
   970
 19740
  7497
 23420
 16186
 60922
 40509
 23820
 52888
 23930
 63317
 56951
 63635
 50893
  4903
 52799
 11148
   536
 50593
 24114
 26339
 20654
 47713
 14432
 39044
 11792
 64756
 48885
 40898
 19169
 20291
 61227
  5554
 49871
 57397
 55642
 33859
 65268
 12188
 36077
 63714
 51383
 20393
 40360
 23541
 49520
 16200
 30994
 25848
  7351
 27724
 54276
 34413
 16506
 50982
 33638
 63912
 36510
 16667
 39222
 24576
 26219
 39824
 26873
 51692
 55464
 30868
 45569
  2776
 44923
 59592
 55083
 41584
 65131
  3843
 14581
 11944
 11432
  9955
 31929
 51005
 44365
 49997
  9474
 52678
  8319
 20612
 49640
 34562
 38565
 18456
   533
 41708
 55633
 63961
  8262
  4737
  6430
 38252
 28930
 29882
 18657
 26937
 21420
 41661
  9561
 12147
 55862
 44725
 48163
 34571
 47502
 29107
 37784
 20805
 62313
 56351
 40761
  3562
  5338
 54994
 17335
 11138
